160810 44.832423 0.569942
160811 44.832413 0.569955
160812 44.832415 0.569952
160813 44.832419 0.569946
160814 44.832419 0.569945
160815 44.832421 0.569946
160816 44.83242 0.569952
160817 44.832422 0.569956
160818 44.832425 0.569961
160819 44.832429 0.569967
160820 44.832429 0.56998
160821 44.832427 0.569998
160822 44.832422 0.570024
160823 44.832422 0.570045
160824 44.832419 0.570069
160825 44.832415 0.570082
160826 44.832414 0.570099
160827 44.832414 0.57011
160828 44.83242 0.570154
160829 44.83241 0.570183
160830 44.832408 0.570201
160831 44.832405 0.570213
160832 44.832401 0.570247
160833 44.832392 0.570279
160834 44.832387 0.570313
160835 44.832382 0.570325
160836 44.832374 0.570344
160837 44.832367 0.570369
160838 44.832363 0.570386
160839 44.832361 0.570414
160840 44.832347 0.570419
160841 44.832335 0.570435
160842 44.832326 0.570447
160843 44.832317 0.570457
160844 44.832307 0.570465
160845 44.832296 0.570468
160846 44.832289 0.570469
160847 44.832277 0.570468
160848 44.832258 0.570446
160849 0.0 0.0
160850 0.0 0.0
160851 0.0 0.0
160852 0.0 0.0
160853 0.0 0.0
160854 44.832182 0.570414
160855 44.832162 0.570397
160856 44.832146 0.570387
160857 44.832125 0.57038
160858 44.832118 0.570364
160859 44.832112 0.570345
160900 44.832108 0.570323
160901 44.832094 0.570318
160902 44.832082 0.570307
160903 44.832067 0.570301
160904 44.832053 0.570293
160905 44.83204 0.570281
160906 44.83203 0.570269
160907 44.83202 0.570256
160908 44.832016 0.570237
160909 44.83201 0.570222
160910 44.831999 0.570211
160911 44.831987 0.570199
160912 44.831976 0.570186
160913 44.831967 0.57017
160914 44.831955 0.570158
160915 44.831953 0.570138
160916 44.831928 0.570137
160917 44.831908 0.570135
160918 44.831893 0.570132
160919 44.831883 0.570129
160920 44.83187 0.570128
160921 44.831869 0.57012
160922 44.831861 0.570104
160923 44.831854 0.570094
160924 44.831838 0.570092
160925 44.831835 0.57008
160926 44.831819 0.570094
160927 44.831801 0.5701
160928 44.8318 0.570116
160929 44.831792 0.570135
160930 44.831782 0.570142
160931 44.831772 0.570146
160932 44.831769 0.570162
160933 44.831769 0.570185
160934 44.831768 0.570216
160935 44.831761 0.570234
160936 44.83176 0.570249
160937 44.831755 0.570268
160938 44.831753 0.570289
160939 44.83175 0.570309
160940 44.831748 0.57033
160941 44.831744 0.570351
160942 44.831741 0.570372
160943 44.831735 0.570392
160944 44.831727 0.570415
160945 44.831716 0.570437
160946 44.831711 0.570458
160947 44.831708 0.570479
160948 44.831703 0.570498
160949 44.831691 0.57052
160950 44.831674 0.570542
160951 44.831666 0.570563
160952 44.831678 0.570578
160953 44.83168 0.570597
160954 44.831674 0.570616
160955 44.831671 0.570632
160956 0.0 0.0
160957 0.0 0.0
160958 0.0 0.0
160959 0.0 0.0
161000 0.0 0.0
161001 0.0 0.0
161002 0.0 0.0
161003 0.0 0.0
161004 0.0 0.0
161005 0.0 0.0
161006 0.0 0.0
161007 0.0 0.0
161008 0.0 0.0
161009 44.831855 0.570826
161010 44.831856 0.570857
161011 44.831883 0.570897
161012 44.831845 0.570916
161013 44.831818 0.570941
161014 44.831797 0.570957
161015 0.0 0.0
161016 44.831804 0.570994
161017 0.0 0.0
161018 0.0 0.0
161019 0.0 0.0
161020 44.831842 0.571056
161021 44.831774 0.571068
161022 44.831743 0.571081
161023 44.83169 0.571148
161024 44.831638 0.571209
161025 44.831603 0.571242
161026 44.8316 0.571235
161027 44.831585 0.571234
161028 44.831567 0.571265
161029 44.831572 0.571287
161030 44.831576 0.571305
161031 44.831576 0.571325
161032 44.831571 0.571347
161033 44.831571 0.571356
161034 44.831567 0.571359
161035 44.831572 0.571387
161036 44.831567 0.571413
161037 44.831574 0.571426
161038 44.831594 0.571441
161039 44.831606 0.571459
161040 44.831608 0.571476
161041 44.831607 0.57149
161042 44.831608 0.571498
161043 44.831613 0.571508
161044 44.831618 0.571521
161045 44.831619 0.571546
161046 44.831628 0.571559
161047 44.831631 0.571558
161048 44.831642 0.57157
161049 0.0 0.0
161050 0.0 0.0
161051 0.0 0.0
161052 0.0 0.0
161053 0.0 0.0
161054 0.0 0.0
161055 0.0 0.0
161056 0.0 0.0
161057 0.0 0.0
161058 0.0 0.0
161059 0.0 0.0
161100 0.0 0.0
161101 0.0 0.0
161102 0.0 0.0
161103 0.0 0.0
161104 0.0 0.0
161105 0.0 0.0
161106 44.83191 0.571643
161107 44.83189 0.571636
161108 44.831897 0.57167
161109 44.83191 0.571671
161110 44.831932 0.571662
161111 44.831945 0.571644
161112 44.83196 0.571642
161113 44.83197 0.571635
161114 44.831987 0.571621
161115 44.831996 0.57163
161116 44.832002 0.571636
161117 44.832011 0.571638
161118 44.832028 0.571648
161119 44.832054 0.571645
161120 44.832069 0.571645
161121 44.83208 0.571647
161122 44.832091 0.571643
161123 44.832103 0.571646
161124 44.832119 0.571643
161125 44.832129 0.571648
161126 44.832148 0.571648
161127 44.832162 0.571654
161128 44.832176 0.571657
161129 44.83219 0.571664
161130 44.832205 0.571666
161131 44.832218 0.571666
161132 44.832232 0.571668
161133 44.832246 0.57167
161134 44.832257 0.571675
161135 44.832267 0.571678
161136 44.832281 0.571678
161137 44.83229 0.571682
161138 44.832307 0.571682
161139 44.832323 0.571684
161140 44.832336 0.571686
161141 44.832348 0.571689
161142 44.832363 0.571676
161143 44.832369 0.571664
161144 44.83239 0.571661
161145 44.832407 0.571652
161146 44.832422 0.571644
161147 44.832432 0.571633
161148 44.832442 0.571617
161149 44.832449 0.571604
161150 44.832453 0.57159
161151 44.832452 0.571568
161152 44.832452 0.571547
161153 44.832453 0.571531
161154 44.832452 0.571513
161155 44.832452 0.571493
161156 44.832452 0.571476
161157 44.832453 0.571456
161158 44.832453 0.571436
161159 44.832452 0.571418
161200 44.832454 0.571398
161201 44.832454 0.571379
161202 44.832455 0.571359
161203 44.832457 0.571339
161204 44.832459 0.571322
161205 44.83246 0.571303
161206 44.832458 0.571281
161207 44.832459 0.571261
161208 44.832459 0.571243
161209 44.832454 0.571225
161210 44.832451 0.571209
161211 44.832449 0.571188
161212 44.832452 0.571164
161213 44.832452 0.571147
161214 44.832458 0.571131
161215 44.832467 0.571118
161216 44.832469 0.571103
161217 44.832473 0.571085
161218 44.832473 0.571066
161219 44.832475 0.571048
161220 44.832479 0.571031
161221 44.832484 0.571012
161222 44.83249 0.570994
161223 44.832492 0.570976
161224 44.832492 0.570956
161225 44.832493 0.570939
161226 44.832497 0.570922
161227 44.832502 0.570908
161228 44.832507 0.570897
161229 44.832509 0.570883
161230 44.832513 0.570866
161231 44.832517 0.570851
161232 44.83252 0.570828
161233 44.832524 0.570815
161234 44.832527 0.570801
161235 44.832526 0.570787
161236 44.832522 0.570774
161237 44.832513 0.57076
161238 44.832486 0.570747
161239 44.83247 0.570735
161240 44.83246 0.57073
161241 44.832455 0.570721
161242 44.832447 0.570712
161243 44.832437 0.570703
161244 44.832428 0.570697
161245 44.83242 0.57069
161246 44.832411 0.570682
161247 44.832402 0.570671
161248 44.832397 0.570662
161249 44.832387 0.570647
161250 44.832375 0.570638
161251 44.832362 0.570625
161252 44.832348 0.570604
161253 44.832342 0.570587
161254 44.832342 0.570567
161255 44.832345 0.570543
161256 44.832349 0.570518
161257 44.832357 0.570487
161258 44.83236 0.570468
161259 44.832361 0.570449
161300 44.832365 0.570426
161301 44.832371 0.570404
161302 44.832373 0.57038
161303 44.832378 0.570362
161304 44.832382 0.570344
161305 44.832384 0.570321
161306 44.832385 0.570298
161307 44.832385 0.570277
161308 44.832387 0.570258
161309 44.832388 0.570237
161310 44.832389 0.570217
161311 44.832389 0.570198
161312 44.832389 0.570177
161313 44.83239 0.57016
161314 44.832393 0.570152
161315 44.8324 0.57013
161316 44.832398 0.570111
161317 44.832398 0.570088
161318 44.8324 0.570069
161319 44.832401 0.570055
161320 44.832404 0.570046
