170428 44.832449 0.569959
170429 44.832448 0.569965
170430 44.832365 0.569981
170431 44.83236 0.569988
170432 44.832393 0.570005
170433 44.832364 0.570016
170434 44.832369 0.57003
170435 44.832379 0.570061
170436 44.832384 0.570091
170437 44.832384 0.57011
170438 44.832381 0.570133
170439 44.832401 0.57019
170440 44.832394 0.570201
170441 44.832384 0.570216
170442 44.832371 0.570244
170443 44.832373 0.570263
170444 44.832383 0.5703
170445 44.832376 0.57032
170446 44.832379 0.570333
170447 44.832378 0.570352
170448 44.832376 0.570375
170449 44.832405 0.570408
170450 44.832416 0.570423
170451 44.832422 0.570427
170452 44.832414 0.570432
170453 44.832415 0.570438
170454 44.832413 0.570449
170455 44.8324 0.570454
170456 44.83239 0.570468
170457 44.832389 0.570486
170458 44.832392 0.570494
170459 44.832376 0.570475
170500 44.832356 0.570463
170501 44.832378 0.570534
170502 44.832409 0.570576
170503 44.832413 0.570582
170504 44.832406 0.570601
170505 0.0 0.0
170506 0.0 0.0
170507 44.832384 0.570625
170508 44.832382 0.570618
170509 0.0 0.0
170510 0.0 0.0
170511 0.0 0.0
170512 0.0 0.0
170513 0.0 0.0
170514 0.0 0.0
170515 0.0 0.0
170516 0.0 0.0
170517 44.832492 0.5706
170518 44.832593 0.570653
170519 44.832616 0.570697
170520 44.83264 0.570713
170521 44.832629 0.570687
170522 44.832644 0.570705
170523 44.832635 0.57073
170524 44.832632 0.570738
170525 44.832635 0.570762
170526 44.832647 0.570774
170527 44.83265 0.570788
170528 44.832657 0.570816
170529 44.832651 0.570831
170530 44.832657 0.570837
170531 44.832657 0.570838
170532 44.832653 0.570847
170533 44.832652 0.570854
170534 44.832643 0.570872
170535 44.832628 0.57088
170536 44.832625 0.570894
170537 44.832623 0.570901
170538 44.832629 0.570908
170539 44.832639 0.570921
170540 44.832641 0.570932
170541 44.83264 0.570941
170542 44.832645 0.570944
170543 0.0 0.0
170544 0.0 0.0
170545 0.0 0.0
170546 44.832693 0.57092
170547 44.832702 0.570959
170548 44.832743 0.571007
170549 44.832753 0.571057
170550 44.832775 0.571085
170551 44.832799 0.571078
170552 44.832768 0.57106
170553 44.832774 0.571079
170554 44.832785 0.57108
170555 44.832784 0.571061
170556 44.832778 0.571038
170557 44.832782 0.570985
170558 44.832773 0.570963
170559 44.832762 0.57095
170600 44.832766 0.570942
170601 44.832767 0.570959
170602 44.832765 0.570956
170603 44.832785 0.570954
170604 44.832795 0.570935
170605 44.832801 0.570934
170606 44.83281 0.570932
170607 44.832812 0.570914
170608 44.832824 0.570946
170609 44.832844 0.57094
170610 44.832861 0.57095
170611 44.832886 0.570982
170612 44.8329 0.570997
170613 44.832904 0.571019
170614 44.832894 0.571043
170615 44.832907 0.570984
170616 44.83291 0.570973
170617 44.83292 0.570957
170618 44.83292 0.570967
170619 44.832915 0.570984
170620 44.832918 0.570993
170621 44.832932 0.570989
170622 44.832958 0.570988
170623 44.832979 0.571005
170624 44.833012 0.571018
170625 44.833036 0.571019
170626 44.83305 0.571046
170627 44.833064 0.571061
170628 44.833077 0.571057
170629 44.833087 0.571064
170630 44.833105 0.57106
170631 44.833115 0.571057
170632 44.833134 0.571039
170633 44.833134 0.571043
170634 44.833133 0.57104
170635 44.833153 0.571031
170636 44.833174 0.57102
170637 44.833194 0.57102
170638 44.833208 0.571016
170639 44.83322 0.571017
170640 44.833236 0.571018
170641 44.833246 0.571045
170642 44.833273 0.57105
170643 44.833296 0.571023
170644 44.833316 0.571039
170645 44.83333 0.571051
170646 44.833339 0.571004
170647 44.833332 0.571031
170648 44.833368 0.571061
170649 44.833388 0.571064
170650 44.8334 0.57106
170651 44.833421 0.57108
170652 44.833423 0.571067
170653 44.833422 0.57107
170654 44.833429 0.571078
170655 44.833432 0.571081
170656 44.833443 0.57108
170657 44.833458 0.571084
170658 44.833473 0.571083
170659 44.833505 0.571092
170700 44.83351 0.571092
170701 44.833521 0.571085
170702 44.833531 0.571093
170703 44.833539 0.57109
170704 44.833549 0.5711
170705 44.833558 0.571109
170706 44.833583 0.57113
170707 44.833599 0.571136
170708 44.833619 0.571159
170709 44.833639 0.571179
170710 44.833648 0.571193
170711 44.833657 0.5712
170712 44.833665 0.571204
170713 44.833692 0.571194
170714 44.833699 0.57118
170715 44.833709 0.571184
170716 44.83372 0.571183
170717 44.83373 0.571177
170718 44.833738 0.571173
170719 44.833762 0.571151
170720 44.833782 0.571136
170721 44.833788 0.571126
170722 44.833778 0.571124
170723 44.833778 0.571118
170724 44.833781 0.571124
170725 44.833793 0.571148
170726 44.833805 0.571155
170727 44.833819 0.571157
170728 44.83384 0.571151
170729 44.833846 0.571152
170730 44.833857 0.571158
170731 44.833858 0.571148
170732 44.83387 0.57114
170733 44.833881 0.571098
170734 44.833906 0.57107
170735 44.833939 0.571055
170736 44.833959 0.571056
170737 44.834016 0.571102
170738 44.834021 0.571127
170739 44.834017 0.571139
170740 44.834029 0.571133
170741 44.834039 0.571131
170742 44.83407 0.571128
170743 44.834109 0.571127
170744 44.834131 0.571138
170745 44.834149 0.571154
170746 44.834166 0.571164
170747 44.834183 0.571173
170748 44.834194 0.571178
170749 44.83421 0.571186
170750 44.834222 0.571193
170751 44.834226 0.57119
170752 44.834236 0.571196
170753 44.834252 0.571205
170754 44.834265 0.571209
170755 44.834281 0.571212
170756 44.834301 0.571211
170757 44.834304 0.571208
170758 44.834321 0.571212
170759 44.834331 0.571208
170800 44.834341 0.571212
170801 44.83434 0.57121
170802 44.834363 0.571194
170803 44.834399 0.571193
170804 44.83442 0.571183
170805 44.834438 0.571173
170806 44.834456 0.571163
170807 44.834471 0.571146
170808 44.834519 0.571167
170809 44.834554 0.571184
170810 44.834567 0.571139
170811 44.834574 0.571136
170812 44.834599 0.571151
170813 44.834608 0.571157
170814 44.83462 0.571149
170815 44.834625 0.571135
170816 44.834626 0.571141
170817 44.834631 0.571128
170818 44.834648 0.571171
170819 44.834667 0.571208
170820 44.834672 0.571197
170821 44.834678 0.57122
170822 44.834678 0.571263
170823 44.834686 0.571248
170824 44.834685 0.571307
170825 44.834704 0.571215
170826 44.83472 0.571186
170827 44.834729 0.571177
170828 44.834736 0.57116
170829 44.834732 0.57115
170830 44.83474 0.571141
170831 44.834738 0.571134
170832 44.834755 0.571175
170833 44.834773 0.571209
170834 44.834802 0.571229
170835 44.834844 0.57126
170836 44.834861 0.571277
170837 44.834865 0.571289
170838 44.834874 0.571309
170839 44.834887 0.571321
170840 44.834908 0.57133
170841 44.834917 0.571348
170842 44.834932 0.571377
170843 44.834942 0.571405
170844 44.83496 0.571433
170845 44.834972 0.571449
170846 44.834973 0.57146
170847 44.834975 0.571472
170848 44.834983 0.571483
170849 44.83499 0.571512
170850 44.835009 0.571546
170851 44.83502 0.57157
170852 44.835027 0.571591
170853 44.835027 0.57161
170854 44.835037 0.571631
170855 44.835045 0.571642
170856 44.835031 0.57165
170857 44.835026 0.571664
170858 44.835018 0.571677
170859 44.835008 0.571695
170900 44.835001 0.571707
170901 44.834998 0.571732
170902 44.835012 0.571744
170903 44.835028 0.571759
170904 44.835037 0.571779
170905 44.835044 0.571803
170906 44.835048 0.571814
170907 44.835052 0.571848
170908 44.835042 0.571859
170909 44.835045 0.571886
170910 44.835052 0.571896
170911 44.835051 0.571904
170912 44.835047 0.57191
170913 44.835042 0.571924
170914 44.835038 0.571936
170915 44.835055 0.57195
170916 44.835059 0.571958
170917 44.835062 0.57198
170918 44.835062 0.57201
170919 44.835066 0.572038
170920 44.835068 0.572081
170921 44.83508 0.572121
170922 44.835067 0.572137
170923 44.835101 0.572187
170924 44.835092 0.572197
170925 44.835095 0.572209
170926 44.835103 0.57224
170927 44.83511 0.57227
170928 44.835097 0.572278
170929 44.835094 0.572283
170930 44.835101 0.572295
170931 44.835108 0.572296
170932 44.835115 0.572312
170933 44.835121 0.57233
170934 44.835123 0.572339
170935 44.835122 0.572361
170936 44.835131 0.572391
170937 44.835121 0.572408
170938 44.835116 0.57243
170939 44.835111 0.572456
170940 44.8351 0.572469
170941 44.835087 0.572493
170942 0.0 0.0
170943 0.0 0.0
170944 0.0 0.0
170945 0.0 0.0
170946 0.0 0.0
170947 0.0 0.0
170948 0.0 0.0
170949 0.0 0.0
170950 44.834975 0.572822
170951 44.834985 0.572879
170952 44.834954 0.572876
170953 44.834947 0.572894
170954 44.834943 0.572906
170955 44.834922 0.572965
170956 44.834916 0.573017
170957 44.834921 0.573034
170958 44.834924 0.573044
170959 44.834928 0.573055
171000 44.834938 0.573071
171001 44.834944 0.57309
171002 44.83495 0.573111
171003 44.834983 0.573141
171004 44.834998 0.573159
171005 44.834997 0.573215
171006 44.834992 0.573233
171007 44.834964 0.573254
171008 44.834953 0.573274
171009 44.834936 0.573288
171010 44.834926 0.573301
171011 44.834917 0.573326
171012 44.834893 0.573343
171013 44.834865 0.573342
171014 44.834856 0.573339
171015 44.834837 0.573284
171016 44.834867 0.573257
171017 44.834905 0.573237
171018 44.834928 0.57318
171019 44.834972 0.573116
171020 44.834949 0.573109
171021 44.834777 0.57312
171022 44.834736 0.573123
171023 44.834707 0.573136
171024 44.834683 0.573158
171025 44.834652 0.573195
171026 44.834633 0.573228
171027 44.834608 0.573242
171028 44.834586 0.573247
171029 44.834568 0.573258
171030 44.834549 0.573267
171031 44.834545 0.573291
171032 44.83451 0.573275
171033 44.834481 0.573291
171034 44.834449 0.573314
171035 44.834435 0.5733
171036 44.834426 0.573292
171037 44.83442 0.573285
171038 44.834432 0.573271
171039 44.834424 0.573281
171040 44.834415 0.573316
171041 44.834435 0.57333
171042 44.834393 0.573329
171043 44.834371 0.573324
171044 44.834349 0.573303
171045 44.834345 0.573317
171046 44.834335 0.573322
171047 0.0 0.0
171048 0.0 0.0
171049 0.0 0.0
171050 0.0 0.0
171051 0.0 0.0
171052 44.834291 0.57335
171053 0.0 0.0
171054 0.0 0.0
171055 0.0 0.0
171056 0.0 0.0
171057 0.0 0.0
171058 0.0 0.0
171059 0.0 0.0
171100 0.0 0.0
171101 0.0 0.0
171102 0.0 0.0
171103 44.834121 0.573241
171104 44.834097 0.573222
171105 44.834071 0.573191
171106 44.834037 0.573175
171107 44.834024 0.573171
171108 44.834023 0.573176
171109 44.834024 0.573165
171110 44.834019 0.573172
171111 44.834003 0.573145
171112 44.833991 0.573147
171113 44.833967 0.573153
171114 44.833957 0.57317
171115 44.833951 0.573138
171116 44.833923 0.573123
171117 44.833895 0.573116
171118 44.833878 0.573114
171119 44.833862 0.573111
171120 44.833845 0.573108
171121 44.833833 0.573099
171122 44.833812 0.573095
171123 44.833799 0.573087
171124 44.833784 0.573083
171125 44.833777 0.573088
171126 44.833762 0.57309
171127 44.833758 0.573086
171128 44.833734 0.573106
171129 44.833734 0.573129
171130 44.833723 0.573147
171131 44.833715 0.573166
171132 44.833705 0.573188
171133 44.833703 0.573205
171134 44.833701 0.573211
171135 44.833686 0.573209
171136 44.833656 0.573196
171137 44.833636 0.573183
171138 44.833627 0.573162
171139 44.833602 0.573132
171140 44.833587 0.573085
171141 0.0 0.0
171142 0.0 0.0
171143 44.833569 0.573082
171144 44.833561 0.573099
171145 44.833553 0.573097
171146 44.833499 0.573094
171147 44.833473 0.573062
171148 44.833435 0.57306
171149 44.833407 0.573067
171150 44.83353 0.573361
171151 44.833551 0.573423
171152 44.833548 0.573455
171153 44.833513 0.573451
171154 44.833464 0.573316
171155 44.833416 0.573259
171156 44.833404 0.573237
171157 44.833397 0.57323
171158 44.833369 0.573197
171159 44.83334 0.573176
171200 44.833315 0.573159
171201 44.833274 0.573121
171202 44.833251 0.573111
171203 44.833226 0.573114
171204 44.833197 0.573097
171205 44.833173 0.573094
171206 44.833153 0.573092
171207 44.833144 0.573087
171208 44.833136 0.573081
171209 44.833119 0.57308
171210 44.833116 0.573077
171211 44.833099 0.57308
171212 0.0 0.0
171213 0.0 0.0
171214 0.0 0.0
171215 0.0 0.0
171216 0.0 0.0
171217 0.0 0.0
171218 44.832993 0.573086
171219 44.832961 0.573076
171220 44.832948 0.573103
171221 44.832881 0.573008
171222 44.832858 0.572977
171223 44.832855 0.572967
171224 44.832849 0.572957
171225 44.832852 0.572938
171226 44.832857 0.572925
171227 44.832857 0.572937
171228 44.832842 0.572915
171229 44.832784 0.572906
171230 44.832773 0.572924
171231 44.832756 0.572939
171232 44.832732 0.572951
171233 44.832713 0.572975
171234 44.832694 0.572976
171235 44.832685 0.572988
171236 44.832668 0.572986
171237 44.832656 0.572978
171238 44.832652 0.572982
171239 44.832639 0.572967
171240 44.832637 0.572978
171241 44.832629 0.57298
171242 44.832637 0.572986
171243 44.832635 0.572994
171244 44.83262 0.573
171245 44.832608 0.572998
171246 44.83261 0.573003
171247 44.8326 0.573016
171248 44.832586 0.57303
171249 44.832519 0.573042
171250 44.832503 0.57305
171251 44.832478 0.573047
171252 44.832457 0.573018
171253 44.832437 0.573006
171254 44.832423 0.572995
171255 44.832403 0.572961
171256 44.832379 0.572922
171257 44.832358 0.572906
171258 44.832344 0.57286
171259 44.832353 0.572833
171300 44.832354 0.572807
171301 44.832354 0.572787
171302 44.832355 0.572765
171303 44.832347 0.572746
171304 44.832337 0.572732
171305 44.832337 0.572717
171306 44.832336 0.572698
171307 44.832333 0.572677
171308 44.832333 0.572659
171309 44.832344 0.572642
171310 44.832342 0.572627
171311 44.832334 0.572608
171312 44.832336 0.572591
171313 44.832348 0.57258
171314 44.832351 0.57257
171315 44.832357 0.572555
171316 44.832362 0.57254
171317 44.832373 0.572525
171318 44.832377 0.572509
171319 44.832387 0.57249
171320 44.832387 0.572469
171321 44.832397 0.572449
171322 44.832405 0.57242
171323 44.832414 0.572384
171324 44.832429 0.572354
171325 44.832441 0.572319
171326 44.832413 0.572281
171327 44.832408 0.572261
171328 44.832375 0.572231
171329 44.832352 0.572202
171330 44.832359 0.572161
171331 44.832361 0.572135
171332 44.832357 0.572123
171333 44.832359 0.572111
171334 44.832371 0.572097
171335 44.832379 0.572081
171336 44.832389 0.572065
171337 44.832394 0.572047
171338 44.832392 0.572031
171339 44.832391 0.572011
171340 44.832406 0.571991
171341 44.832415 0.57197
171342 44.832414 0.571946
171343 44.832413 0.571925
171344 44.832408 0.571918
171345 44.832414 0.571899
171346 44.832413 0.571887
171347 44.832413 0.571869
171348 44.83241 0.571837
171349 44.832411 0.571809
171350 44.832408 0.571787
171351 44.832406 0.571767
171352 44.832398 0.571743
171353 44.832391 0.571716
171354 44.832386 0.571689
171355 44.832383 0.571661
171356 44.83239 0.571637
171357 44.832402 0.571616
171358 44.832406 0.571588
171359 44.832409 0.571565
171400 44.832407 0.571536
171401 44.832394 0.571511
171402 44.832376 0.571482
171403 44.832361 0.571456
171404 44.83236 0.57144
171405 44.832375 0.571431
171406 44.83238 0.571412
171407 44.832387 0.57139
171408 44.832403 0.571373
171409 44.832406 0.571361
171410 44.832415 0.571346
171411 0.0 0.0
171412 0.0 0.0
171413 0.0 0.0
171414 0.0 0.0
171415 0.0 0.0
171416 0.0 0.0
171417 0.0 0.0
171418 0.0 0.0
171419 0.0 0.0
171420 0.0 0.0
171421 0.0 0.0
171422 0.0 0.0
171423 44.83245 0.571043
171424 44.832455 0.571021
171425 44.832465 0.571015
171426 44.832475 0.571002
171427 44.83248 0.570982
171428 44.83248 0.570963
171429 44.832496 0.570952
171430 44.832496 0.570944
171431 44.832487 0.57093
171432 44.83249 0.570914
171433 44.832485 0.570891
171434 44.832486 0.570869
171435 44.832458 0.570859
171436 44.83242 0.570847
171437 44.832449 0.570835
171438 44.832509 0.570815
171439 44.832578 0.57079
171440 44.832616 0.570768
171441 44.832654 0.570773
171442 44.832668 0.570777
171443 44.832696 0.570787
171444 44.832701 0.570793
171445 44.832708 0.570824
171446 44.832687 0.570824
171447 44.832585 0.570801
171448 44.832554 0.570792
171449 44.832543 0.570795
171450 44.832528 0.570784
171451 44.832518 0.570755
171452 44.832507 0.57072
171453 44.832488 0.570696
171454 44.832468 0.570682
171455 44.832454 0.570675
171456 44.832449 0.57065
171457 44.832457 0.570626
171458 44.832435 0.570609
171459 44.832403 0.570586
171500 44.832397 0.570579
171501 44.832384 0.570554
171502 44.832368 0.570533
171503 44.832353 0.570498
171504 44.832356 0.570467
171505 44.832328 0.570423
171506 44.832314 0.570386
171507 44.832298 0.570325
171508 44.832302 0.57029
171509 44.832287 0.570248
171510 44.83227 0.570213
171511 44.832274 0.570189
171512 44.832278 0.57017
171513 44.832274 0.570153
171514 44.832273 0.570143
171515 44.832285 0.570137
171516 44.832293 0.570124
171517 44.832312 0.570106
171518 44.83233 0.570093
171519 44.832336 0.570078
171520 44.83233 0.570052
171521 44.832319 0.570035
171522 44.832306 0.570019
171523 44.832312 0.569998
171524 44.832309 0.569962
